[[2.88739, 0.72647, 3.2, 0.08498],
[3.16759, 0.70479, 3.2, 0.08783],
[3.45517, 0.69218, 3.2, 0.08996],
[3.75325, 0.68581, 3.19441, 0.09333],
[4.07281, 0.68361, 2.67218, 0.11959],
[4.5, 0.68376, 2.32596, 0.18366],
[4.55, 0.68378, 2.04782, 0.02441],
[5.11738, 0.6908, 1.8209, 0.31162],
[5.44798, 0.71123, 1.61148, 0.20555],
[5.71127, 0.74223, 1.42903, 0.18551],
[5.94137, 0.78496, 1.24045, 0.18867],
[6.14913, 0.84078, 1.24045, 0.17342],
[6.33676, 0.91067, 1.24045, 0.16141],
[6.50352, 0.99484, 1.20866, 0.15455],
[6.64763, 1.09336, 1.1, 0.1587],
[6.76715, 1.2064, 1.1, 0.14955],
[6.8579, 1.33509, 1.1, 0.14315],
[6.92194, 1.47647, 1.1, 0.14109],
[6.96027, 1.62797, 1.1, 0.14207],
[6.9669, 1.78881, 1.1, 0.14634],
[6.92977, 1.95515, 1.15191, 0.14796],
[6.8538, 2.1191, 1.15191, 0.15687],
[6.72693, 2.26842, 1.42156, 0.13783],
[6.56583, 2.39791, 1.64968, 0.12529],
[6.38076, 2.50633, 1.94466, 0.1103],
[6.18037, 2.59603, 2.41327, 0.09097],
[5.97126, 2.67207, 3.2, 0.06953],
[5.75829, 2.7411, 2.98065, 0.07511],
[5.55881, 2.81131, 2.98065, 0.07095],
[5.36088, 2.88624, 2.98065, 0.071],
[5.16456, 2.96629, 2.98065, 0.07113],
[4.96989, 3.05191, 2.98065, 0.07135],
[4.77697, 3.14378, 2.98065, 0.07169],
[4.58661, 3.2454, 3.2, 0.06743],
[4.39799, 3.3542, 3.2, 0.06805],
[4.21046, 3.4676, 3.00391, 0.07296],
[4.02348, 3.58333, 2.54805, 0.0863],
[3.85069, 3.68988, 2.23472, 0.09084],
[3.68265, 3.79114, 2.23472, 0.08779],
[3.51884, 3.8857, 2.23472, 0.08463],
[3.35641, 3.97362, 2.21645, 0.08333],
[3.19259, 4.05427, 2.08056, 0.08776],
[3.02555, 4.12572, 1.94174, 0.09357],
[2.85392, 4.18548, 1.78714, 0.10169],
[2.67755, 4.234, 1.65869, 0.11028],
[2.49619, 4.27141, 1.4513, 0.1276],
[2.3088, 4.29611, 1.29928, 0.14547],
[2.11374, 4.30523, 1.29928, 0.1503],
[1.90856, 4.29409, 1.29928, 0.15815],
[1.68968, 4.25391, 1.29928, 0.17128],
[1.45388, 4.16915, 1.29928, 0.19286],
[1.21119, 4.00653, 1.29928, 0.22484],
[1.01923, 3.74402, 1.36397, 0.23843],
[0.92221, 3.42051, 1.82328, 0.18524],
[0.88927, 3.10444, 2.11651, 0.15014],
[0.89601, 2.82076, 2.0937, 0.13553],
[0.92405, 2.56281, 1.92496, 0.13479],
[0.96605, 2.3246, 1.7899, 0.13514],
[1.01803, 2.11229, 1.57658, 0.13865],
[1.08079, 1.91513, 1.41736, 0.14598],
[1.15514, 1.73108, 1.41736, 0.14005],
[1.24162, 1.56015, 1.41736, 0.13515],
[1.34113, 1.40324, 1.41736, 0.13109],
[1.45473, 1.26109, 1.41736, 0.12838],
[1.58653, 1.13641, 1.41736, 0.12801],
[1.74473, 1.03229, 1.71988, 0.11012],
[1.92656, 0.94305, 1.94179, 0.10431],
[2.13282, 0.86779, 2.1763, 0.10089],
[2.36411, 0.8068, 2.50986, 0.0953],
[2.61751, 0.75992, 2.90527, 0.0887]]